-0.648014814	1.445571507	-1.34587692	-1.34587692	0.7477094	1.445571507	-1.34587692	0.049847293	-0.648014814	0.049847293	1.445571507
-0.648014814	0.049847293	-0.648014814	-0.648014814	1.445571507	0.7477094	-1.34587692	-1.34587692	-0.648014814	0.049847293	-0.648014814
-1.34587692	-0.648014814	-1.34587692	-1.34587692	0.049847293	0.049847293	-0.648014814	0.7477094	-0.648014814	1.445571507	0.7477094
-0.648014814	0.049847293	-1.34587692	-0.648014814	0.049847293	0.049847293	0.049847293	-1.34587692	-0.648014814	-0.648014814	-0.648014814
1.445571507	0.049847293	0.049847293	1.445571507	0.7477094	0.049847293	1.445571507	-0.648014814	-1.34587692	-0.648014814	-1.34587692
0.049847293	-1.34587692	0.049847293	1.445571507	0.7477094	0.049847293	0.049847293	-0.648014814	-1.34587692	-0.648014814	-1.34587692
1.445571507	0.7477094	0.7477094	0.7477094	0.049847293	-1.34587692	1.445571507	0.049847293	1.445571507	0.7477094	-0.648014814
0.7477094	-1.34587692	1.445571507	-0.648014814	-1.34587692	-1.34587692	0.7477094	0.049847293	0.049847293	-1.34587692	0.049847293
-1.34587692	0.049847293	-0.648014814	-0.648014814	-1.34587692	-1.34587692	-0.648014814	1.445571507	0.049847293	1.445571507	1.445571507
1.445571507	0.7477094	1.445571507	0.7477094	-1.34587692	0.049847293	0.7477094	1.445571507	1.445571507	-1.34587692	1.445571507
0.7477094	-1.34587692	1.445571507	1.445571507	-0.648014814	-0.648014814	1.445571507	0.7477094	0.7477094	-1.34587692	0.7477094
-1.34587692	0.049847293	0.049847293	0.049847293	-0.648014814	0.049847293	0.049847293	-1.34587692	-1.34587692	-0.648014814	-1.34587692
0.049847293	1.445571507	0.7477094	0.049847293	1.445571507	1.445571507	0.049847293	1.445571507	1.445571507	1.445571507	0.7477094
0.049847293	1.445571507	-0.648014814	-1.34587692	1.445571507	1.445571507	-1.34587692	-0.648014814	0.049847293	-0.648014814	-0.648014814