-1.453687569	-1.453687569	1.211406307	1.211406307	-1.453687569	0.545132838	0.545132838	0.545132838	-1.453687569	-1.453687569	1.211406307
-1.453687569	-1.453687569	1.211406307	1.211406307	-1.453687569	0.545132838	0.545132838	-1.453687569	-1.453687569	-0.7874141	0.545132838
-0.7874141	-1.453687569	-1.453687569	0.545132838	-0.7874141	-1.453687569	0.545132838	0.545132838	-0.7874141	-0.7874141	0.545132838
-1.453687569	-0.7874141	-1.453687569	0.545132838	-1.453687569	-1.453687569	0.545132838	-1.453687569	-0.7874141	-1.453687569	0.545132838
0.545132838	0.545132838	0.545132838	0.545132838	-0.7874141	0.545132838	0.545132838	0.545132838	-1.453687569	-0.7874141	1.211406307
-0.7874141	-0.7874141	0.545132838	-1.453687569	-0.7874141	0.545132838	0.545132838	0.545132838	-0.7874141	-1.453687569	1.211406307
-0.7874141	0.545132838	-1.453687569	-1.453687569	-0.7874141	-1.453687569	-1.453687569	-1.453687569	-0.7874141	0.545132838	0.545132838
-0.7874141	-0.7874141	0.545132838	-1.453687569	-0.7874141	0.545132838	0.545132838	0.545132838	-0.7874141	-0.7874141	0.545132838
1.211406307	1.211406307	0.545132838	0.545132838	0.545132838	0.545132838	0.545132838	1.211406307	1.211406307	0.545132838	0.545132838
1.211406307	1.211406307	1.211406307	1.211406307	1.211406307	1.211406307	1.211406307	1.211406307	1.211406307	1.211406307	0.545132838
-0.7874141	-0.7874141	0.545132838	0.545132838	-0.7874141	0.545132838	-1.453687569	0.545132838	-0.7874141	-0.7874141	0.545132838
0.545132838	-0.7874141	0.545132838	0.545132838	-0.7874141	0.545132838	-1.453687569	0.545132838	-0.7874141	-0.7874141	-1.453687569
0.545132838	1.211406307	0.545132838	0.545132838	1.211406307	1.211406307	1.211406307	1.211406307	1.211406307	1.211406307	-1.453687569
1.211406307	0.545132838	0.545132838	0.545132838	1.211406307	1.211406307	1.211406307	0.545132838	0.545132838	1.211406307	-1.453687569
